data/Train-Set/Drone1/Morning/Extracted-Frames-1280x720/1.1.1/0.jpg 255,103,274,147,0 625,129,641,169,0 606,4,633,23,0 652,128,664,170,0 730,64,749,93,0 738,73,758,100,0 1056,150,1076,181,0 1041,121,1056,141,0
data/Train-Set/Drone1/Morning/Extracted-Frames-1280x720/1.1.1/1.jpg 254,103,273,146,0 624,129,640,169,0 605,4,632,22,0 651,127,663,170,0 729,64,749,93,0 738,73,757,99,0 1056,150,1076,181,0 1041,121,1056,141,0
data/Train-Set/Drone1/Morning/Extracted-Frames-1280x720/1.1.1/2.jpg 254,103,273,146,0 624,129,639,169,0 605,4,632,22,0 651,127,663,170,0 729,64,749,93,0 738,73,757,99,0 1056,150,1076,181,0 1041,121,1056,141,0
data/Train-Set/Drone1/Morning/Extracted-Frames-1280x720/1.1.1/3.jpg 254,103,273,146,0 624,129,639,169,0 605,4,632,22,0 651,127,662,170,0 729,64,749,93,0 738,73,757,99,0 1056,150,1076,181,0 1041,121,1056,141,0
data/Train-Set/Drone1/Morning/Extracted-Frames-1280x720/1.1.1/4.jpg 254,103,273,146,0 624,129,638,169,0 605,4,632,21,0 651,127,662,171,0 729,64,749,93,0 738,73,757,98,0 1056,150,1076,181,0 1041,121,1056,141,0
data/Train-Set/Drone1/Morning/Extracted-Frames-1280x720/1.1.1/5.jpg 254,103,273,146,0 624,129,638,170,0 605,4,632,21,0 651,127,662,171,0 729,64,749,94,0 738,73,757,98,0 1056,150,1076,181,0 1041,121,1056,141,0
data/Train-Set/Drone1/Morning/Extracted-Frames-1280x720/1.1.1/6.jpg 253,103,273,145,0 623,129,637,170,0 604,4,631,21,0 650,126,661,171,0 729,64,749,94,0 738,73,756,98,0 1056,150,1076,181,0 1041,121,1056,141,0
data/Train-Set/Drone1/Morning/Extracted-Frames-1280x720/1.1.1/7.jpg 253,103,273,145,0 623,129,636,170,0 604,4,631,20,0 650,126,661,172,0 729,64,749,94,0 738,73,756,97,0 1056,150,1076,181,0 1041,121,1056,141,0
data/Train-Set/Drone1/Morning/Extracted-Frames-1280x720/1.1.1/8.jpg 253,103,273,145,0 623,129,636,170,0 604,4,631,20,0 650,126,660,172,0 729,64,749,94,0 738,73,756,97,0 1056,150,1076,181,0 1041,121,1056,141,0
data/Train-Set/Drone1/Morning/Extracted-Frames-1280x720/1.1.1/9.jpg 253,103,273,145,0 623,129,635,170,0 604,4,631,20,0 650,126,660,172,0 729,64,749,94,0 738,73,756,97,0 1056,150,1076,181,0 1041,121,1056,141,0
data/Train-Set/Drone1/Morning/Extracted-Frames-1280x720/1.1.1/10.jpg 253,103,273,145,0 623,129,635,171,0 604,4,631,20,0 650,126,660,173,0 729,64,749,94,0 738,73,756,97,0 1057,150,1076,181,0 1041,121,1056,141,0
data/Train-Set/Drone1/Morning/Extracted-Frames-1280x720/1.1.1/11.jpg 252,103,272,145,0 622,129,635,171,0 603,4,630,20,0 650,126,660,173,0 729,64,749,94,0 738,73,756,97,0 1057,150,1076,181,0 1041,121,1056,141,0
data/Train-Set/Drone1/Morning/Extracted-Frames-1280x720/1.1.1/12.jpg 252,103,272,145,0 622,129,635,171,0 603,4,630,20,0 650,126,660,173,0 729,64,749,94,0 738,73,756,97,0 1057,150,1076,181,0 1041,121,1056,141,0
data/Train-Set/Drone1/Morning/Extracted-Frames-1280x720/1.1.1/13.jpg 252,103,272,145,0 622,129,635,171,0 603,4,630,20,0 650,126,660,173,0 729,64,749,94,0 738,73,756,97,0 1057,150,1076,181,0 1041,121,1056,141,0
data/Train-Set/Drone1/Morning/Extracted-Frames-1280x720/1.1.1/14.jpg 252,103,272,145,0 622,129,636,171,0 603,4,630,20,0 650,126,660,173,0 729,64,749,94,0 738,73,756,97,0 1057,150,1076,181,0 1041,121,1056,141,0
data/Train-Set/Drone1/Morning/Extracted-Frames-1280x720/1.1.1/15.jpg 252,103,272,145,0 622,129,636,171,0 603,4,629,20,0 650,127,661,173,0 729,64,749,94,0 738,73,756,97,0 1057,150,1076,181,0 1041,121,1056,141,0
data/Train-Set/Drone1/Morning/Extracted-Frames-1280x720/1.1.1/16.jpg 251,103,271,145,0 621,129,636,171,0 602,4,629,20,0 650,127,661,173,0 729,64,749,94,0 738,73,756,97,0 1057,150,1076,181,0 1041,121,1056,141,0
data/Train-Set/Drone1/Morning/Extracted-Frames-1280x720/1.1.1/17.jpg 251,103,271,145,0 621,129,637,171,0 602,4,628,20,0 650,127,661,173,0 729,64,749,94,0 738,73,756,97,0 1057,150,1076,181,0 1041,121,1056,141,0
data/Train-Set/Drone1/Morning/Extracted-Frames-1280x720/1.1.1/18.jpg 251,103,271,145,0 621,129,637,171,0 602,4,628,20,0 650,127,661,173,0 729,64,749,94,0 738,73,756,97,0 1057,150,1076,181,0 1041,121,1056,141,0
data/Train-Set/Drone1/Morning/Extracted-Frames-1280x720/1.1.1/19.jpg 251,103,271,145,0 621,129,637,171,0 602,4,627,20,0 650,127,661,173,0 729,64,749,94,0 738,73,756,97,0 1057,150,1076,181,0 1041,121,1056,141,0
